260.975 117.848
257.496 123.757
259.429 109.894
257.544 130.746
217.911 109.419
228.108 119.172
235.679 131.033
219.524 123.675
261.467 122.049
215.429 110.977
218.502 114.863
225.048 118.087
261.325 124.816
250.087 129.384
231.943 122.103
259.449 112.744
235.589 110.333
272.182 113.434
223.169 132.901
222.794 121.222
238.339 127.021
234.032 116.804
265.618 123.138
249.847 125.778
222.568 117.565
243.871 122.477
212.908 116.078
218.461 119.291
272.018 127.36
225.913 114.652
246.28 124.774
217.119 122.563
218.209 121.84
211.623 125.981
127.494 740.036
108.221 693.467
97.4177 690.049
103.594 748.735
118.051 690.043
88.9425 723.451
101.172 740.984
126.75 707.427
129.837 728.151
118.769 730.065
88.284 736.598
159.595 736.689
74.6732 730.926
133.361 722.382
70.4901 734.163
133.896 703.769
85.7471 711.564
158.137 729.668
120.771 743.036
75.123 733.513
104.067 689.989
150.608 734.641
110.346 736.366
143.471 701.491
151.276 723.72
143.747 706.242
131.98 701.097
108.935 745.185
132.847 732.057
112.392 731.915
68.3882 726.23
90.7181 711.181
134.978 725.946
140.711 698.27
135.966 700.708
152.722 742.888
155.55 708.722
120.036 744.852
91.9675 723.178
103.735 743.064
136.095 737.573
133.05 715.173
91.2855 692.703
80.3028 731.883
102.177 717.118
133.708 314.167
126.759 301.983
106.69 319.633
120.634 302.793
132.122 332.841
130.411 308.34
109.461 305.867
129.807 329.618
124.883 304.438
109.704 327.748
116.965 305.52
116.447 306.299
110.77 335.124
123.051 320.283
128.509 311.322
117.889 315.181
109.704 302.462
131.408 309.388
129.552 317.344
113.27 295.471
126.901 295.898
118.284 332.252
109.352 327.565
123.247 327.259
105.941 317.554
110.156 312.597
126.555 328.226
121.574 299.977
106.892 319.241
126.768 311.058
127.622 306.747
112.688 330.904
119.199 327.419
120.386 325.56
108.349 317.191
109.693 319.826
129.125 325.031
110.564 303.763
116.741 302.614
130.778 295.125
117.1 304.031
130.766 326.202
126.783 295.024
125.562 309.841
132.542 323.105
134.403 298.031
107.721 330.839
126.454 301.522
121.504 322.249
125.925 308.041
111.796 330.138
123.339 329.68
126.927 314.975
133.256 330.742
114.801 312.132
133.79 321.85
873.855 293.127
883.318 295.446
902.236 303.074
897.759 288.489
896.156 320.753
884.161 291.95
882.325 332.939
902.716 309.25
910.809 295.186
876.124 308.969
873.864 299.947
878.396 315.894
893.568 300.935
892.153 300.442
900.9 311.134
888.103 342.517
893.22 324.594
891.828 336.25
882.49 290.95
878.307 300.213
891.083 308.221
899.736 297.998
903.809 316.624
897.4 314.469
899.192 308.985
875.922 334.953
907.596 340.526
890.646 318.807
907.477 307.345
902.978 314.628
897.062 345.72
889.701 343.144
874.779 317.634
910.363 295.057
909.867 346.209
895.249 319.928
880.62 343.376
910.199 318.665
880.047 297.293
881.412 323.472
892.149 308.057
887.211 312.409
894.514 308.333
882.987 327.042
886.68 288.332
888.391 290.317
908.854 307.888
892.675 327.769
901.163 330.371
883.709 335.356
896.658 338.217
880.127 316.239
891.685 307.077
904.484 295.226
886.818 302.168
893.771 286.977
909.596 339.285
874.877 303.677
888.781 339.396
894.742 289.784
892.8 342.38
876.909 296.485
900.626 328.046
907.427 325.777
890.597 333.063
874.783 287.559
883.02 342.727
902.102 284.305
903.7 319.262
872.746 293.59
893.952 303.296
877.286 313.046
884.979 296.302
882.96 299.578
877.583 318.408
907.996 313.561
900.995 283.94
898.262 330.598
886.658 285.273
887.117 327.741
908.665 338.884
908.754 302.895
881.104 314.924
895.155 311.242
887.556 346.616
884.294 308.157
882.241 282.938
873.41 340.137
899.103 311.817
878.778 284.802
898.034 336.443
886.568 335.3
877.898 297.315
905.46 318.599
892.192 330.409
883.551 285.394
895.509 338.522
124.453 368.237
106.463 396.515
118.122 382.526
125.68 397.922
123.205 380.579
111.841 419.025
125.653 422.392
112.215 424.862
113.584 378.72
111.706 398.205
119.701 407.623
105.325 396.162
116.717 368.975
111.28 395.484
115.407 409.522
112.337 410.695
117.313 408.289
110.559 421.363
113.764 384.179
125.119 396.519
125.475 405.325
107.705 410.124
105.834 402.528
105.374 416.522
123.325 387.297
118.889 398.841
119.735 365.647
118.012 393.928
107.064 382.765
109.298 387.694
126.15 381.899
112.428 368.911
119.155 377.977
124.854 404.574
118.217 367.824
115.104 371.191
112.693 412.107
124.501 381.76
128.913 376.262
122.771 366.146
121.795 419.199
118.511 367.584
106.936 409.693
117.315 405.211
106.219 405.123
112.65 419.46
124.935 372.492
123.469 392.246
128.34 371.221
121.437 374.317
130.354 423.549
125 381
125.381 376.872
118.895 411.632
107.596 421.935
128.988 423.186
119.282 414.116
111.042 382.649
125.014 426.593
114.913 424.734
127.144 421.187
119.541 389.753
108.788 419.805
105.517 402.39
114.439 369.587
129.157 393.485
107.098 365.675
122.474 421.682
122.617 424.692
130.636 416.071
123.228 407.491
105.881 412.306
123.608 395.494
127.386 426.242
123.074 419.621
113.434 383.886
